att48测试结果
test_time	run_time	best_result
1	1.626S	10653
2	1.616S	10877
3	1.616S	10653
4	1.616S	10653
5	1.609S	10653
6	1.615S	10901
7	1.602S	10653
8	1.609S	10653
9	1.605S	10653
10	1.605S	10653
11	1.757S	10653
12	1.611S	10653
13	1.616S	10653
14	1.605S	10653
15	1.629S	10653
16	1.613S	10653
17	1.698S	10653
18	1.611S	10653
19	1.614S	10653
20	1.615S	10653
21	1.608S	10653
22	1.614S	10653
23	1.611S	10653
24	1.607S	10653
25	1.609S	10653
26	1.607S	10653
27	1.608S	10653
28	1.597S	10653
29	1.615S	10653
30	1.628S	10653
平均值:   	1.620S	10669
已公布最佳路径长度最好结果：10628
已公布最佳路线：
1	8	38	31	44	18	7	28	6	37
19	27	17	43	30	36	46	33	20	47
21	32	39	48	5	42	24	10	45	35
4	26	2	29	34	41	16	22	3	23
14	25	13	11	12	15	40	9	

eil51测试结果
test_time	run_time	best_result
1	2.530S	426
2	2.542S	426
3	2.534S	426
4	2.215S	426
5	2.169S	426
6	2.168S	426
7	2.170S	426
8	2.165S	426
9	2.162S	426
10	2.164S	426
11	2.244S	426
12	2.205S	426
13	2.177S	426
14	2.169S	426
15	2.174S	426
16	2.190S	426
17	2.289S	426
18	2.172S	426
19	2.166S	426
20	2.168S	426
21	2.163S	426
22	2.165S	426
23	2.165S	426
24	2.170S	426
25	2.167S	426
26	2.169S	426
27	2.168S	426
28	2.181S	426
29	2.159S	426
30	2.161S	426
平均值:   	2.215S	426
已公布最佳路径长度最好结果：426
已公布最佳路线：
1	22	8	26	31	28	3	36	35	20
2	29	21	16	50	34	30	9	49	10
39	33	45	15	44	42	40	19	41	13
25	14	24	43	7	23	48	6	27	51
46	12	47	18	4	17	37	5	38	11
32	

berlin52测试结果
test_time	run_time	best_result
1	2.523S	7542
2	2.483S	7542
3	2.511S	7542
4	2.510S	7542
5	2.492S	7542
6	2.544S	7542
7	2.460S	7542
8	2.261S	7542
9	2.256S	7542
10	2.258S	7542
11	2.261S	7542
12	2.259S	7542
13	2.253S	7542
14	2.259S	7542
15	2.260S	7542
16	2.259S	7542
17	2.445S	7542
18	2.276S	7542
19	2.286S	7542
20	2.265S	7542
21	2.263S	7542
22	2.269S	7542
23	2.338S	7542
24	2.280S	7542
25	2.317S	7542
26	2.268S	7542
27	2.258S	7542
28	2.254S	7542
29	2.260S	7542
30	2.257S	7542
平均值:   	2.330S	7542
已公布最佳路径长度最好结果：7542
已公布最佳路线：
1	49	32	45	19	41	8	9	10	43
33	51	11	52	14	13	47	26	27	28
12	25	4	6	15	5	24	48	38	37
40	39	36	35	34	44	46	16	29	50
20	23	30	2	7	42	21	17	3	18
31	22	

st70测试结果
test_time	run_time	best_result
1	4.028S	676
2	4.022S	680
3	4.020S	676
4	4.013S	680
5	4.017S	679
6	4.017S	679
7	4.012S	679
8	4.041S	679
9	4.261S	678
10	5.003S	678
11	4.637S	678
12	4.459S	678
13	4.506S	678
14	4.545S	678
15	4.481S	678
16	4.499S	678
17	4.541S	678
18	4.501S	678
19	4.205S	678
20	4.038S	678
21	4.020S	678
22	4.023S	677
23	4.094S	676
24	4.293S	676
25	4.012S	682
26	4.019S	676
27	4.015S	676
28	4.012S	680
29	4.024S	676
30	4.028S	676
平均值:   	4.213S	678
已公布最佳路径长度最好结果：675
已公布最佳路线：
1	36	29	13	70	35	31	69	38	59
22	66	63	57	15	24	19	7	2	4
18	42	32	3	8	26	55	49	28	14
20	30	44	68	27	46	25	45	39	61
40	9	17	43	41	6	53	5	10	52
60	12	34	21	33	62	54	48	67	11
64	65	56	51	50	58	37	47	16	23


eil101测试结果
test_time	run_time	best_result
1	8.376S	631
2	8.357S	634
3	8.358S	634
4	9.386S	634
5	9.272S	634
6	9.341S	634
7	9.294S	631
8	9.415S	631
9	8.388S	631
10	8.356S	631
11	8.447S	631
12	8.369S	630
13	8.370S	631
14	8.380S	631
15	8.361S	640
16	8.365S	631
17	8.375S	631
18	9.744S	631
19	9.374S	631
20	9.380S	631
21	9.403S	631
22	9.186S	631
23	8.370S	631
24	8.482S	631
25	8.408S	631
26	8.362S	631
27	8.359S	630
28	8.362S	630
29	8.357S	631
30	8.363S	630
平均值:   	8.712S	632
已公布最佳路径长度最好结果：629
已公布最佳路线：
1	69	27	101	53	28	26	12	80	68
29	24	54	55	25	4	39	67	23	56
75	41	22	74	72	73	21	40	58	13
94	95	97	87	2	57	15	43	42	14
44	38	86	16	61	85	91	100	98	37
92	59	93	99	96	6	89	52	18	83
60	5	84	17	45	8	46	47	36	49
64	63	90	32	10	62	11	19	48	82
7	88	31	70	30	20	66	71	65	35
34	78	81	9	51	33	79	3	77	76
50	