att48测试结果
test_time	run_time	best_result
1	1.687S	10663
2	1.881S	10663
3	1.677S	10663
4	1.735S	10663
5	1.687S	10663
6	1.763S	10663
7	1.749S	10663
8	1.670S	10653
9	1.693S	10653
10	1.663S	10653
11	1.665S	10653
12	1.662S	10653
13	1.702S	10653
14	1.628S	10653
15	1.624S	10653
16	1.617S	10653
17	1.624S	10653
18	1.617S	10653
19	1.620S	10653
20	1.619S	10653
21	1.625S	10653
22	1.628S	10653
23	1.635S	10653
24	1.637S	10653
25	1.623S	10653
26	1.620S	10653
27	1.626S	10653
28	1.623S	10653
29	1.620S	10653
30	1.631S	10653
平均值:   	1.662S	10655
已公布最佳路径长度最好结果：10628
已公布最佳路线：
1	8	38	31	44	18	7	28	6	37
19	27	17	43	30	36	46	33	20	47
21	32	39	48	5	42	24	10	45	35
4	26	2	29	34	41	16	22	3	23
14	25	13	11	12	15	40	9	

eil51测试结果
test_time	run_time	best_result
1	1.837S	441
2	1.829S	441
3	1.827S	441
4	1.822S	435
5	1.820S	435
6	1.824S	435
7	2.081S	435
8	2.254S	435
9	2.391S	435
10	2.382S	435
11	2.387S	435
12	2.420S	435
13	2.448S	435
14	2.391S	435
15	2.343S	435
16	2.350S	435
17	2.348S	435
18	2.364S	435
19	2.360S	435
20	2.351S	435
21	2.373S	435
22	2.396S	435
23	2.331S	435
24	2.201S	435
25	2.193S	435
26	2.196S	435
27	2.191S	435
28	2.188S	435
29	2.186S	434
30	2.186S	434
平均值:   	2.209S	436
已公布最佳路径长度最好结果：426
已公布最佳路线：
1	22	8	26	31	28	3	36	35	20
2	29	21	16	50	34	30	9	49	10
39	33	45	15	44	42	40	19	41	13
25	14	24	43	7	23	48	6	27	51
46	12	47	18	4	17	37	5	38	11
32	

berlin52测试结果
test_time	run_time	best_result
1	2.293S	7547
2	2.275S	7542
3	2.437S	7542
4	2.285S	7542
5	2.276S	7542
6	2.277S	7542
7	2.279S	7542
8	2.278S	7542
9	2.278S	7542
10	2.339S	7542
11	2.347S	7542
12	2.339S	7542
13	2.278S	7542
14	2.285S	7542
15	2.276S	7542
16	2.294S	7542
17	2.289S	7542
18	2.276S	7542
19	2.275S	7542
20	2.281S	7542
21	2.293S	7542
22	2.271S	7542
23	2.270S	7542
24	2.276S	7542
25	2.272S	7542
26	2.276S	7542
27	2.279S	7542
28	2.274S	7542
29	2.669S	7542
30	2.548S	7542
平均值:   	2.313S	7542
已公布最佳路径长度最好结果：7542
已公布最佳路线：
1	49	32	45	19	41	8	9	10	43
33	51	11	52	14	13	47	26	27	28
12	25	4	6	15	5	24	48	38	37
40	39	36	35	34	44	46	16	29	50
20	23	30	2	7	42	21	17	3	18
31	22	

st70测试结果
test_time	run_time	best_result
1	4.418S	697
2	4.416S	697
3	4.377S	696
4	4.436S	696
5	4.483S	696
6	4.447S	696
7	4.425S	696
8	4.445S	696
9	4.102S	696
10	4.111S	696
11	4.114S	691
12	4.116S	691
13	4.105S	691
14	4.371S	690
15	4.128S	690
16	4.114S	690
17	4.124S	690
18	4.111S	690
19	4.109S	690
20	4.167S	690
21	4.234S	690
22	4.118S	690
23	4.117S	690
24	4.131S	690
25	4.125S	690
26	4.115S	690
27	4.125S	690
28	4.833S	690
29	4.490S	690
30	4.481S	690
平均值:   	4.263S	692
已公布最佳路径长度最好结果：675
已公布最佳路线：
1	36	29	13	70	35	31	69	38	59
22	66	63	57	15	24	19	7	2	4
18	42	32	3	8	26	55	49	28	14
20	30	44	68	27	46	25	45	39	61
40	9	17	43	41	6	53	5	10	52
60	12	34	21	33	62	54	48	67	11
64	65	56	51	50	58	37	47	16	23


eil101测试结果
test_time	run_time	best_result
1	9.204S	659
2	9.175S	649
3	9.346S	644
4	8.433S	637
5	8.415S	636
6	8.691S	636
7	8.355S	636
8	8.395S	636
9	8.348S	636
10	8.373S	635
11	8.589S	635
12	8.397S	635
13	9.028S	635
14	9.042S	631
15	9.037S	631
16	8.991S	631
17	8.820S	631
18	8.476S	631
19	8.462S	631
20	8.789S	631
21	8.387S	631
22	8.388S	631
23	8.415S	631
24	8.377S	631
25	8.382S	631
26	8.524S	631
27	9.340S	631
28	9.054S	631
29	9.044S	631
30	9.035S	631
平均值:   	8.710S	635
已公布最佳路径长度最好结果：629
已公布最佳路线：
1	69	27	101	53	28	26	12	80	68
29	24	54	55	25	4	39	67	23	56
75	41	22	74	72	73	21	40	58	13
94	95	97	87	2	57	15	43	42	14
44	38	86	16	61	85	91	100	98	37
92	59	93	99	96	6	89	52	18	83
60	5	84	17	45	8	46	47	36	49
64	63	90	32	10	62	11	19	48	82
7	88	31	70	30	20	66	71	65	35
34	78	81	9	51	33	79	3	77	76
50	